# Huge weighted undirected graph (500 vertices, 3000 edges)
# Format: V A D P
500 3000 0 1
0 1 35
0 2 99
0 4 5
0 5 39
0 12 56
0 20 38
0 29 51
0 37 71
0 60 18
0 115 6
0 177 71
0 211 33
0 229 40
0 275 78
0 276 35
0 278 42
0 289 47
0 387 44
1 3 35
1 15 1
1 18 12
1 55 52
1 62 33
1 75 33
1 76 38
1 129 23
1 135 77
1 217 53
1 231 6
1 259 58
1 282 45
1 284 83
1 334 60
1 423 14
1 447 61
1 475 34
2 7 7
2 8 18
2 137 15
2 159 72
2 191 52
2 212 53
2 247 88
2 309 31
2 321 14
2 339 21
2 348 33
2 361 30
2 387 83
2 435 61
3 5 69
3 9 44
3 11 21
3 39 43
3 51 82
3 78 82
3 81 38
3 104 21
3 110 92
3 152 59
3 154 27
3 185 64
3 409 22
3 445 63
3 479 97
4 6 43
4 19 17
4 25 29
4 41 93
4 49 45
4 224 87
4 238 57
4 243 96
4 250 4
4 267 38
4 282 2
4 306 54
4 329 92
4 338 92
4 423 42
4 476 15
5 9 72
5 10 90
5 27 88
5 37 63
5 46 81
5 117 65
5 118 38
5 166 55
5 214 84
5 394 14
5 474 77
5 478 60
5 481 61
6 17 44
6 26 78
6 26 96
6 42 43
6 84 57
6 183 98
6 223 96
6 244 8
6 246 73
6 286 59
6 330 88
6 353 31
6 411 90
6 424 55
6 446 13
6 492 62
6 497 91
7 20 78
7 41 42
7 84 98
7 95 95
7 109 3
7 131 33
7 193 30
7 246 38
7 298 68
7 311 68
7 375 9
7 380 75
7 407 31
7 411 9
7 430 92
7 461 9
7 474 92
7 495 81
8 67 66
8 79 91
8 80 92
8 255 93
8 296 79
8 306 40
8 387 83
8 435 61
8 473 17
9 14 49
9 24 44
9 34 71
9 70 23
9 72 70
9 86 35
9 206 18
9 209 32
9 254 3
9 274 24
9 327 65
9 346 23
9 374 41
9 387 18
9 398 88
9 400 55
9 434 9
9 443 12
10 16 94
10 83 81
10 113 89
10 118 26
10 123 77
10 155 61
10 200 91
10 215 32
10 352 75
10 369 15
10 375 97
10 384 48
10 407 11
10 433 89
10 480 32
11 36 93
11 45 57
11 56 20
11 69 11
11 72 99
11 83 50
11 102 76
11 104 39
11 145 15
11 184 78
11 263 84
11 268 74
11 305 57
11 323 71
11 416 71
12 13 12
12 26 87
12 31 8
12 45 76
12 48 89
12 69 92
12 94 10
12 119 40
12 120 78
12 195 96
12 198 33
12 204 53
12 277 66
12 303 45
12 326 19
12 343 35
12 401 91
12 426 61
13 21 74
13 66 80
13 84 80
13 92 21
13 109 70
13 138 47
13 159 59
13 298 34
13 349 70
13 392 56
13 426 6
13 455 89
14 17 14
14 54 29
14 66 52
14 78 57
14 317 3
14 330 79
14 378 47
14 387 20
14 422 55
14 488 60
14 491 98
15 22 34
15 23 5
15 34 17
15 92 81
15 190 36
15 202 73
15 234 13
15 246 90
15 284 89
15 299 98
15 311 28
15 324 47
15 356 27
15 376 24
15 388 48
16 25 62
16 35 91
16 38 22
16 77 39
16 83 49
16 90 69
16 164 27
16 271 60
16 377 43
16 403 62
16 459 24
17 19 73
17 96 59
17 110 62
17 134 29
17 149 38
17 193 39
17 197 73
17 199 82
17 279 78
17 337 6
17 339 87
17 377 44
18 25 11
18 28 41
18 35 65
18 52 64
18 79 9
18 81 48
18 87 84
18 93 93
18 150 94
18 173 69
18 209 98
18 222 100
18 357 62
18 368 68
18 399 51
18 459 8
19 30 90
19 37 99
19 42 40
19 59 55
19 103 12
19 160 26
19 212 60
19 348 24
19 355 7
19 370 62
19 447 94
19 453 32
19 456 97
19 474 21
20 27 68
20 31 66
20 47 40
20 52 77
20 79 54
20 128 91
20 154 37
20 166 13
20 213 30
20 277 69
20 302 76
20 317 8
20 421 1
20 465 80
20 498 5
21 39 44
21 44 3
21 93 76
21 124 45
21 198 28
21 262 46
21 331 80
21 354 69
21 441 55
21 454 97
21 462 17
22 36 3
22 48 30
22 76 83
22 97 99
22 111 69
22 112 68
22 196 72
22 265 17
22 274 18
22 368 28
22 405 55
22 425 47
22 471 1
22 475 37
23 47 2
23 286 82
23 445 30
23 446 18
23 452 96
24 31 4
24 49 16
24 58 97
24 71 55
24 79 27
24 97 85
24 104 35
24 121 35
24 208 23
24 222 61
24 245 76
24 261 88
24 424 58
24 427 15
24 427 48
24 443 82
25 49 69
25 120 51
25 145 28
25 151 26
25 157 16
25 165 23
25 183 97
25 219 2
25 245 96
25 255 19
25 268 78
25 296 98
25 304 97
25 360 53
25 379 86
25 435 45
26 34 48
26 50 4
26 116 9
26 157 63
26 173 37
26 195 57
26 229 81
26 253 16
26 469 99
27 32 88
27 121 3
27 150 72
27 197 70
27 205 60
27 243 66
27 264 32
27 305 80
27 363 100
27 383 68
27 421 89
28 30 99
28 89 93
28 111 73
28 140 95
28 219 37
28 259 20
28 351 81
28 371 31
28 376 6
28 428 14
28 437 76
28 437 92
28 496 91
29 42 50
29 45 74
29 59 6
29 61 25
29 105 8
29 189 24
29 200 48
29 205 9
29 255 60
29 271 71
29 350 17
29 396 21
30 39 90
30 66 13
30 82 96
30 83 31
30 96 77
30 109 67
30 151 69
30 164 92
30 183 94
30 230 29
30 252 47
30 357 77
30 446 49
30 450 12
31 33 67
31 114 27
31 137 89
31 145 93
31 150 34
31 153 86
31 192 88
31 295 100
31 327 97
31 341 73
31 396 61
32 35 5
32 50 93
32 66 50
32 99 98
32 170 78
32 188 60
32 235 16
32 236 85
32 251 61
32 333 64
32 334 70
32 347 58
32 368 26
32 378 82
32 379 36
32 478 25
32 492 54
33 52 97
33 75 40
33 116 51
33 124 3
33 168 62
33 204 46
33 272 15
33 285 88
33 315 83
33 329 4
33 330 18
33 339 14
33 414 57
33 464 41
33 491 10
34 55 62
34 57 57
34 60 85
34 64 56
34 97 75
34 113 65
34 128 62
34 135 31
34 193 33
34 207 25
34 364 25
34 440 55
34 489 91
34 495 43
35 40 51
35 96 69
35 140 37
35 154 62
35 168 82
35 171 11
35 209 18
35 252 1
35 316 60
35 322 86
36 41 40
36 43 100
36 82 98
36 94 60
36 107 28
36 161 12
36 171 42
36 182 88
36 190 66
36 238 38
36 244 74
36 280 26
36 292 25
36 292 45
36 305 50
36 336 83
36 459 44
36 464 70
36 470 45
37 81 74
37 88 100
37 97 73
37 158 21
37 179 1
37 238 69
37 388 9
37 442 53
37 448 19
37 457 61
37 484 46
38 71 82
38 97 63
38 102 55
38 118 95
38 119 93
38 189 46
38 244 95
38 271 7
38 303 58
38 336 39
38 352 28
38 363 39
38 372 90
38 450 27
38 451 1
38 466 97
38 476 71
39 134 53
39 157 85
39 177 16
39 206 64
39 223 15
39 323 8
39 355 61
39 437 8
39 486 48
39 489 38
40 77 8
40 124 11
40 134 43
40 143 99
40 333 51
40 372 28
40 413 99
40 472 2
40 488 96
41 74 34
41 77 10
41 128 77
41 161 85
41 224 63
41 253 12
41 373 20
41 433 24
42 110 23
42 188 75
42 189 98
42 243 89
42 245 29
42 325 23
42 330 83
42 380 60
42 403 38
42 466 90
43 50 79
43 91 67
43 108 65
43 112 12
43 125 71
43 149 34
43 182 54
43 462 6
43 482 34
44 98 58
44 130 20
44 147 72
44 185 27
44 185 40
44 235 42
44 319 83
44 321 13
44 376 91
44 434 39
44 454 41
45 68 91
45 108 100
45 159 2
45 250 34
45 353 57
45 463 62
46 54 30
46 73 90
46 137 41
46 165 16
46 180 68
46 250 54
46 261 18
46 342 95
46 362 55
46 379 1
46 458 53
46 487 25
46 493 13
47 157 51
47 218 39
47 251 21
47 253 22
47 269 14
47 283 84
47 288 17
47 316 15
47 476 100
48 53 81
48 60 39
48 88 72
48 104 28
48 115 97
48 123 31
48 209 28
48 212 46
48 451 4
48 466 91
48 498 39
49 89 48
49 94 56
49 143 24
49 179 77
49 191 39
49 198 67
49 250 83
49 389 58
49 416 100
49 470 30
50 109 37
50 128 71
50 134 79
50 175 90
50 187 6
50 195 3
50 203 84
50 258 35
50 264 72
50 304 60
50 312 57
50 476 23
50 482 39
51 63 46
51 73 4
51 78 89
51 166 40
51 190 65
51 200 21
51 227 22
51 304 35
51 317 99
51 318 73
51 353 2
51 432 19
51 440 20
51 460 61
52 91 73
52 195 23
52 212 20
52 249 50
52 258 74
52 265 8
52 265 64
52 293 34
52 400 83
52 447 98
52 486 26
53 64 100
53 65 1
53 77 45
53 149 61
53 210 10
53 239 86
53 257 18
53 289 94
53 367 12
53 402 85
53 403 87
53 473 47
54 79 50
54 208 31
54 222 66
54 241 50
54 264 7
54 300 76
54 315 57
54 335 22
54 393 19
55 70 2
55 70 66
55 93 52
55 110 86
55 196 6
55 285 61
55 297 25
55 332 3
55 407 63
55 468 87
56 60 55
56 143 13
56 219 26
56 261 24
56 304 29
56 306 55
56 321 75
56 353 40
56 413 13
56 429 20
56 445 16
56 497 77
57 182 30
57 193 37
57 265 97
57 310 38
57 391 13
57 413 80
57 448 5
58 73 36
58 89 26
58 157 33
58 207 46
58 216 14
58 240 92
58 260 60
58 429 31
58 430 78
58 498 59
59 64 81
59 92 26
59 100 14
59 137 27
59 144 64
59 323 7
59 327 87
59 352 40
59 356 64
59 439 50
59 477 82
59 483 51
60 63 23
60 75 5
60 149 2
60 192 40
60 193 75
60 195 71
60 219 38
60 226 42
60 257 20
60 287 44
60 303 6
60 339 65
60 344 80
60 348 47
60 371 49
60 398 32
60 427 5
60 439 63
60 472 72
60 496 85
61 94 4
61 176 35
61 195 60
61 251 44
62 75 19
62 104 80
62 214 78
62 287 63
62 305 10
62 330 73
63 84 24
63 106 13
63 161 89
63 206 8
63 233 15
63 336 6
63 336 76
63 338 10
63 416 35
63 422 10
63 435 30
63 441 20
63 445 87
64 76 75
64 101 87
64 112 92
64 119 26
64 126 20
64 141 31
64 181 37
64 237 86
64 271 23
64 297 4
64 392 60
64 402 31
64 424 20
64 432 4
64 460 84
64 467 35
65 134 32
65 194 46
65 194 84
65 236 3
65 297 48
65 301 18
65 473 67
66 77 90
66 85 50
66 93 18
66 105 42
66 106 66
66 115 75
66 130 55
66 181 1
66 181 4
66 225 92
66 271 30
66 278 54
66 308 33
66 345 16
66 360 27
66 366 32
66 368 19
66 422 39
66 488 90
67 106 34
67 153 41
67 171 83
67 215 63
67 242 73
67 249 33
67 287 89
67 302 16
67 329 41
67 432 25
68 71 49
68 86 40
68 109 22
68 114 42
68 126 18
68 132 35
68 181 14
68 188 68
68 232 58
68 247 90
68 407 44
68 412 29
68 427 96
68 438 77
68 461 77
69 160 45
69 247 37
69 264 42
69 303 92
69 435 13
70 81 95
70 126 99
70 146 69
70 161 88
70 222 75
70 265 10
70 282 89
70 400 80
70 404 49
70 405 9
70 408 27
71 76 43
71 107 18
71 111 62
71 127 29
71 245 55
71 272 38
71 385 46
71 389 100
71 397 22
71 401 48
71 410 32
71 425 19
71 458 8
71 471 28
71 495 86
72 73 33
72 83 54
72 122 30
72 125 16
72 131 88
72 159 98
72 291 52
72 339 95
72 367 92
72 428 15
72 430 7
72 489 78
72 491 52
73 92 97
73 176 91
73 216 48
73 232 18
73 240 47
73 266 12
73 327 56
73 373 48
73 386 100
73 441 57
73 465 8
73 485 32
73 492 87
74 106 11
74 170 45
74 213 18
74 234 47
74 258 87
74 260 44
74 339 40
74 432 42
74 444 53
75 122 60
75 133 61
75 202 44
75 234 49
75 266 96
76 155 14
76 186 8
76 453 96
76 464 97
77 242 55
77 286 94
77 369 85
78 126 9
78 198 95
78 212 11
78 315 16
78 344 22
78 374 65
78 465 12
78 482 57
79 82 78
79 100 36
79 112 99
79 156 38
79 179 87
79 181 42
79 189 13
79 212 21
79 268 29
79 358 83
79 360 56
79 415 97
79 436 36
80 123 80
80 126 21
80 201 24
80 296 91
80 354 14
80 385 77
80 388 35
80 406 70
80 452 91
80 485 92
81 91 6
81 126 7
81 156 98
81 172 75
81 198 23
81 207 76
81 215 44
81 250 6
81 271 22
81 304 80
81 395 31
81 467 31
82 152 8
82 178 94
82 232 13
82 300 100
82 377 69
82 468 32
83 157 32
83 216 21
83 283 3
83 297 50
83 318 75
83 334 18
83 366 13
83 419 61
84 103 65
84 115 48
84 124 97
84 125 11
84 180 71
84 254 5
84 263 88
84 330 32
84 376 64
84 415 46
84 437 86
84 447 69
84 480 65
85 94 19
85 97 3
85 101 58
85 249 75
85 264 30
85 285 80
85 301 89
85 318 17
85 322 3
85 356 91
85 427 88
86 127 23
86 155 82
86 164 7
86 176 90
86 340 81
86 365 23
86 396 6
86 408 37
86 484 59
87 104 60
87 230 98
87 258 20
87 324 37
87 343 15
87 350 78
87 380 96
87 446 79
88 102 38
88 103 34
88 166 4
88 325 30
88 464 10
89 167 29
89 263 31
89 335 72
89 338 86
89 423 90
89 455 91
89 467 76
89 496 57
90 196 12
90 230 68
90 251 39
90 286 96
90 304 23
90 321 90
90 356 10
90 367 91
90 421 93
90 423 69
90 428 18
90 447 92
90 456 78
91 116 16
91 123 23
91 141 28
91 175 24
91 183 55
91 402 64
91 463 42
91 492 71
92 100 92
92 110 48
92 158 6
92 224 20
92 270 19
92 279 88
92 287 74
92 319 72
92 320 17
92 345 75
92 382 84
92 397 12
92 478 30
93 174 14
93 183 89
93 251 24
93 252 96
93 375 66
93 454 30
93 479 45
94 99 95
94 145 11
94 172 29
94 176 42
94 191 56
94 212 53
94 252 59
94 254 5
94 287 79
94 302 13
94 319 98
94 353 9
94 387 58
94 437 28
94 457 36
94 498 35
95 163 2
95 230 19
95 260 76
95 299 14
96 148 48
96 292 98
96 300 29
96 335 40
97 120 3
97 123 97
97 130 66
97 144 8
97 151 76
97 153 7
97 161 72
97 235 75
97 258 70
97 333 53
97 334 26
97 338 87
97 383 1
97 427 53
97 430 48
97 450 33
97 457 28
97 490 11
98 117 39
98 160 10
98 179 30
98 199 34
98 220 24
98 221 23
98 301 47
98 306 74
98 312 58
98 324 74
98 330 90
98 373 59
98 436 87
98 477 42
99 105 19
99 230 10
99 248 61
99 280 23
99 329 77
99 340 75
100 200 53
100 200 67
100 237 62
100 325 99
100 355 50
100 385 73
100 418 90
100 488 64
101 103 100
101 130 100
101 133 29
101 242 28
101 246 18
101 332 67
101 382 86
101 384 35
101 398 29
102 107 47
102 229 31
102 260 12
102 274 58
102 498 61
103 125 69
103 158 76
103 211 4
103 307 89
103 308 26
103 385 29
103 393 10
104 126 72
104 161 86
104 172 87
104 255 35
104 293 33
104 316 25
104 339 45
104 348 16
104 469 61
104 492 71
105 114 92
105 220 68
105 289 43
105 293 93
105 299 99
105 364 80
105 369 58
105 401 73
105 448 65
105 451 9
105 471 7
105 473 44
105 488 94
106 125 54
106 145 49
106 149 14
106 169 31
106 226 29
106 409 24
106 411 30
106 411 53
106 497 42
107 140 41
107 153 34
107 168 4
107 209 22
107 264 98
107 286 3
107 311 36
107 333 30
107 405 76
107 405 79
107 425 76
108 181 76
108 245 16
108 253 9
108 372 22
108 393 49
108 404 17
108 407 50
108 465 69
108 474 91
109 146 91
109 224 24
109 318 25
109 417 66
109 437 46
110 203 98
110 204 52
110 231 54
110 238 89
110 277 59
110 282 44
110 367 38
110 398 37
111 133 33
111 228 51
111 244 43
111 254 6
111 279 29
111 324 75
111 344 100
111 458 85
111 468 29
112 142 93
112 159 73
112 252 55
112 256 59
112 325 81
112 358 92
112 380 96
112 384 84
112 405 38
113 115 42
113 158 85
113 232 27
113 313 26
113 324 82
113 348 50
113 370 38
113 428 55
113 434 40
114 142 44
114 158 35
114 188 55
114 200 11
114 201 15
114 205 28
114 270 52
114 317 60
114 414 26
114 425 64
114 492 93
115 162 11
115 184 69
115 229 97
115 243 87
115 330 51
115 393 75
115 420 58
115 422 19
115 461 100
115 477 63
116 162 65
116 247 44
116 253 66
116 312 37
116 404 63
117 118 13
117 139 47
117 236 46
117 238 89
117 270 8
117 277 87
117 306 20
117 313 20
117 334 8
117 368 54
117 480 43
118 127 69
118 174 65
118 207 71
118 236 62
118 251 63
118 255 96
118 273 72
118 274 65
118 282 28
118 313 26
118 342 16
118 390 3
118 404 74
118 410 81
118 428 31
119 156 74
119 187 30
119 225 29
119 278 9
119 295 42
119 324 47
119 364 81
119 394 9
120 168 32
120 170 70
120 216 79
120 274 17
120 315 1
120 321 86
120 387 98
120 419 14
120 424 59
120 494 20
120 498 40
121 122 28
121 141 13
121 150 97
121 233 94
121 336 84
121 343 53
121 344 40
121 364 71
121 369 42
121 440 27
121 474 67
122 135 52
122 192 57
122 224 5
122 263 40
122 264 31
122 323 1
122 357 81
122 369 29
122 423 49
122 457 48
122 480 70
123 186 58
123 259 29
123 271 7
123 305 75
123 333 96
124 131 84
124 132 44
124 197 59
124 238 62
124 359 42
124 391 39
124 462 66
124 476 81
124 490 28
125 162 20
125 165 91
125 202 48
125 278 57
125 296 20
125 399 54
125 438 64
125 451 56
126 129 94
126 136 44
126 226 3
126 248 34
126 342 4
126 386 81
126 413 88
126 468 73
126 469 33
127 167 94
127 192 60
127 231 6
127 273 22
127 273 37
127 356 20
127 431 66
128 134 17
128 146 34
128 151 78
128 170 50
128 243 74
128 350 81
128 490 30
129 239 57
129 385 72
129 405 91
129 442 78
130 136 74
130 148 96
130 173 27
130 182 31
130 196 70
130 220 36
130 227 85
130 307 47
130 346 81
130 442 47
131 186 48
131 203 60
131 252 8
131 297 90
131 299 83
131 309 28
131 373 75
131 415 35
131 487 12
132 139 51
132 205 46
132 214 79
132 243 9
132 266 73
132 293 47
132 337 22
132 367 5
132 389 50
132 401 74
132 422 69
132 426 28
132 437 9
132 466 7
132 498 89
133 168 79
133 222 86
133 239 46
133 282 48
133 303 5
133 310 67
133 321 63
133 344 79
133 353 94
133 369 35
133 419 34
134 152 57
134 237 42
134 254 36
134 276 54
134 375 37
135 145 43
135 171 17
135 194 12
135 331 43
135 340 23
135 439 91
135 439 97
135 443 6
135 496 22
136 169 6
136 175 31
136 246 5
136 265 9
136 292 21
136 292 26
136 294 75
136 315 16
136 495 36
137 138 3
137 204 96
137 232 79
137 240 78
137 243 83
137 301 53
137 303 75
137 312 24
137 404 33
137 416 51
137 441 72
138 181 95
138 303 99
138 325 14
138 346 9
138 359 94
138 480 68
138 492 35
138 493 90
139 192 75
139 263 89
139 265 69
139 310 31
139 322 98
139 330 49
139 344 72
139 370 48
139 385 60
139 389 65
140 214 4
140 267 82
140 299 74
140 316 90
140 338 21
140 363 11
140 435 65
140 444 98
141 161 31
141 195 93
141 228 87
141 236 25
141 237 79
141 287 26
141 323 48
141 329 52
141 330 76
141 396 11
141 417 58
141 456 50
141 489 86
142 183 64
142 197 36
142 207 1
142 410 65
142 434 66
142 453 64
142 466 73
143 227 36
143 229 25
143 291 28
143 305 60
143 330 34
143 403 60
143 440 61
143 481 66
143 485 86
144 157 98
144 169 62
144 171 10
144 221 92
144 225 81
144 373 75
144 427 20
144 462 21
144 477 44
145 199 4
145 208 83
145 235 59
145 275 2
145 325 34
145 340 26
145 392 69
145 459 73
146 160 45
146 211 97
146 241 91
146 315 43
146 334 59
146 359 20
146 361 3
146 411 41
146 441 92
146 459 36
146 472 73
147 163 36
147 170 46
147 222 48
147 263 63
147 264 28
147 437 22
147 481 22
148 177 2
148 235 48
148 280 45
148 307 59
148 309 64
148 332 7
148 350 77
148 365 60
148 397 23
149 177 52
149 254 82
149 293 80
149 374 76
149 397 52
149 418 19
149 446 86
149 478 77
150 154 50
150 175 29
150 186 19
150 193 60
150 236 86
150 254 12
150 279 79
150 285 11
150 378 44
150 459 41
151 223 11
151 343 20
151 389 33
151 389 97
151 416 40
151 425 10
151 452 77
151 491 47
152 164 100
152 241 37
152 287 35
152 413 40
152 437 62
153 159 42
153 171 19
153 173 5
153 175 100
153 205 46
153 278 38
153 394 100
153 456 1
154 262 63
154 264 32
154 324 49
154 333 27
154 359 87
154 377 60
154 404 11
154 457 12
155 160 100
155 198 100
155 235 40
155 243 87
155 260 15
155 426 14
155 441 49
156 196 70
156 259 11
156 276 54
156 359 66
156 381 84
156 464 70
157 191 13
157 198 97
157 249 90
157 268 43
157 274 22
157 314 57
157 323 27
157 386 48
157 466 49
157 483 17
158 198 72
158 212 71
158 222 8
158 275 88
158 291 60
158 315 69
158 444 99
158 454 61
159 220 10
159 247 12
159 336 77
159 355 90
159 427 82
159 469 87
160 173 61
160 183 59
160 281 89
160 289 6
160 312 64
160 390 43
160 412 5
161 190 59
161 271 92
161 347 96
161 396 67
161 413 78
161 452 22
162 190 93
162 236 19
162 253 12
162 283 39
162 345 88
162 386 59
162 428 81
163 257 1
163 260 42
163 279 67
163 309 61
163 404 22
163 422 52
163 428 98
163 462 98
163 491 26
164 276 59
164 313 92
164 432 49
165 174 97
165 178 25
165 258 10
165 269 47
165 274 98
165 317 25
165 362 2
165 442 71
165 484 13
166 210 92
166 288 57
166 318 63
166 330 31
166 338 18
166 381 76
166 412 82
167 194 46
167 204 56
167 213 42
167 225 82
167 255 56
167 268 86
167 272 99
167 351 49
167 394 11
167 446 57
167 461 18
167 473 53
168 313 37
168 367 46
168 389 8
168 427 59
168 484 79
169 214 11
169 278 54
169 370 43
169 403 61
169 436 18
170 188 45
170 193 10
170 214 27
170 239 21
170 246 42
170 382 76
170 384 5
170 395 80
170 474 8
171 220 83
171 308 98
171 359 86
171 402 48
171 435 60
171 479 70
171 490 53
172 185 71
172 186 22
172 187 79
172 228 100
172 232 86
172 293 59
172 375 91
172 416 51
172 417 87
172 423 59
172 429 6
172 434 17
172 482 92
173 179 66
173 237 16
173 290 64
173 338 3
173 393 93
173 395 26
173 487 50
174 244 76
174 245 42
174 282 74
174 315 40
174 318 51
174 391 16
174 397 59
174 448 94
174 462 23
175 193 17
175 201 22
175 215 95
175 228 81
175 255 71
175 263 65
175 277 8
175 300 19
175 340 72
175 460 4
176 180 9
176 275 1
176 280 3
176 376 93
177 191 35
177 191 58
177 192 14
177 194 37
177 455 13
177 466 78
178 217 38
178 265 35
178 284 79
178 314 95
178 466 84
179 245 48
179 256 26
179 380 85
179 437 87
180 330 9
180 472 12
181 267 33
181 332 3
181 463 1
182 183 83
182 206 31
182 296 44
182 355 48
182 406 75
182 411 24
182 466 83
182 468 70
183 274 93
183 294 55
183 296 44
183 301 62
183 319 87
183 328 73
183 399 3
183 407 90
183 425 1
183 428 72
183 498 90
184 201 88
184 234 14
184 254 86
184 267 88
184 269 93
184 306 8
184 321 91
184 338 35
184 356 64
184 405 62
184 434 47
184 437 39
184 484 53
184 486 5
184 496 43
185 268 58
185 345 70
185 423 4
185 481 24
186 220 78
186 247 37
186 320 92
186 348 28
186 352 38
186 368 56
186 373 66
186 445 77
186 450 42
187 216 56
187 299 21
187 301 97
187 362 79
187 465 22
187 472 14
188 190 68
188 207 96
188 247 11
188 248 66
188 277 48
188 324 17
188 343 23
188 413 84
188 424 6
188 469 14
188 489 23
189 201 55
189 326 31
189 374 18
189 397 75
189 424 38
189 437 89
189 473 57
189 489 82
190 193 21
190 231 16
190 290 20
190 343 93
190 367 19
190 394 66
190 400 21
190 430 97
190 469 47
191 251 93
191 287 95
191 379 77
191 397 7
191 469 21
192 201 94
192 209 60
192 241 10
192 320 41
192 353 32
192 354 100
193 216 6
193 271 15
193 286 93
193 311 99
193 337 11
194 220 16
194 224 21
194 309 93
194 384 41
194 403 2
194 459 71
195 250 77
195 263 49
195 273 70
195 281 35
195 288 54
195 337 97
195 344 24
195 363 68
195 389 59
195 424 54
195 432 47
195 437 16
196 362 43
196 382 58
196 405 18
196 412 94
197 298 71
197 418 57
198 229 20
198 321 1
198 321 43
198 332 51
198 453 8
199 200 84
199 209 41
199 224 13
199 238 62
199 248 86
199 328 40
199 358 40
199 376 95
199 398 4
199 411 23
199 440 99
199 478 87
200 203 72
200 227 65
200 253 76
200 265 82
200 317 93
200 341 53
200 369 25
200 385 78
200 404 96
200 409 81
200 415 82
200 419 42
200 489 93
201 218 98
201 246 38
201 301 85
201 331 35
201 349 76
201 371 13
201 410 90
201 451 31
201 482 26
202 212 62
202 228 31
202 273 90
202 383 60
202 433 37
202 442 41
203 260 38
203 278 62
203 358 9
203 377 21
203 439 70
203 478 63
203 483 13
204 275 84
204 291 82
204 377 3
204 414 49
204 474 62
205 214 49
205 223 95
205 244 46
205 269 45
205 298 11
205 304 44
205 349 73
205 410 55
205 453 13
206 323 92
206 466 24
206 470 23
207 258 8
207 259 85
207 365 55
207 471 45
208 223 7
208 238 100
208 240 70
208 376 16
208 464 23
209 232 7
209 334 27
209 363 3
209 461 97
210 221 42
210 309 12
210 328 32
210 339 83
210 376 24
210 441 47
210 448 36
210 499 32
211 373 30
211 389 34
211 390 50
211 402 9
211 428 10
211 458 5
212 244 97
212 279 35
212 316 64
212 322 27
212 395 73
212 472 35
212 497 7
213 303 100
213 324 17
213 338 12
213 356 66
213 396 28
213 493 36
214 418 61
214 486 94
214 490 50
215 246 28
215 319 60
215 323 97
215 327 22
215 374 91
215 401 72
215 446 63
215 476 52
216 343 9
216 359 68
216 423 51
216 430 38
216 448 96
216 450 44
216 488 89
216 492 83
217 329 3
217 357 46
217 384 37
217 423 20
217 441 49
217 467 70
218 232 45
218 254 27
218 267 34
218 341 28
218 356 3
218 445 32
219 253 10
219 337 25
219 356 21
219 393 30
219 444 54
219 464 82
220 257 26
220 265 44
221 334 7
221 351 84
221 380 33
221 417 30
221 437 19
221 469 87
222 312 5
222 350 92
222 379 53
223 224 22
223 242 16
223 278 40
223 284 63
223 313 26
223 343 31
223 365 32
223 368 38
223 388 82
223 495 58
224 232 55
224 327 17
224 340 2
224 344 96
224 345 53
224 349 17
224 393 84
224 419 68
224 425 53
224 439 29
224 480 87
225 263 27
225 318 50
225 328 65
225 361 90
225 415 96
225 454 35
226 301 81
226 328 90
226 434 24
227 310 80
227 346 79
227 373 22
227 398 41
227 412 92
227 429 10
227 474 87
228 306 28
228 320 60
228 393 36
228 401 6
228 476 95
229 292 72
229 363 63
229 365 12
229 403 98
229 416 97
229 445 44
229 461 26
230 270 33
230 307 1
230 334 64
230 368 82
230 374 67
230 391 84
230 468 75
230 476 91
231 237 98
231 392 95
231 440 47
231 466 54
232 296 5
232 349 33
232 385 84
232 391 76
232 407 13
233 248 98
233 333 82
233 443 84
234 254 68
234 259 10
234 271 78
234 272 42
234 313 80
234 479 3
234 499 62
235 361 97
235 368 37
235 424 22
235 484 68
236 370 16
236 463 27
236 467 56
237 375 81
237 381 55
237 447 2
237 485 3
238 280 25
238 343 12
238 390 48
238 415 43
238 443 13
238 467 41
238 497 92
239 242 7
239 265 64
239 275 81
239 279 21
239 374 39
239 408 76
239 410 35
239 475 20
240 273 46
240 276 38
240 290 68
240 295 44
240 357 30
240 382 29
241 315 20
241 359 42
241 361 79
241 409 51
241 448 32
242 276 56
242 280 8
242 311 98
242 312 71
242 346 94
242 412 75
242 419 57
242 438 49
242 465 4
242 489 76
243 270 59
243 279 93
243 320 40
243 358 72
243 460 3
244 266 71
244 382 56
244 403 3
244 414 49
244 454 89
245 275 81
245 343 73
245 344 94
245 353 27
245 379 75
246 284 58
246 295 37
246 320 68
246 360 75
246 418 23
247 358 67
247 359 68
247 455 29
248 452 75
248 469 100
248 475 66
249 315 40
249 440 43
250 271 96
250 293 63
250 329 16
250 389 2
250 494 99
251 317 39
251 350 91
251 359 20
251 369 21
251 399 48
251 417 73
251 419 9
251 432 1
251 470 93
251 479 43
251 479 93
251 480 18
252 315 25
252 329 28
252 351 98
252 388 63
252 417 69
252 433 40
252 489 13
252 491 46
253 300 87
253 422 32
253 494 16
254 307 83
254 326 37
254 342 6
254 367 57
254 412 43
254 448 50
254 452 81
255 264 80
255 272 98
255 284 25
255 363 86
255 417 55
255 441 44
255 446 12
255 468 65
255 489 85
256 273 38
256 304 95
256 324 27
256 398 73
256 407 55
256 434 86
256 485 85
257 265 65
257 272 48
257 316 1
258 285 66
258 335 49
258 380 74
258 438 82
259 281 76
259 283 98
259 284 67
259 293 1
259 351 51
259 403 64
259 406 87
259 414 19
259 432 75
259 440 43
260 302 12
260 342 55
260 428 55
260 440 38
260 485 49
261 275 65
261 398 39
261 462 28
262 320 67
262 389 61
262 400 87
262 437 66
262 442 88
262 497 22
263 266 27
263 408 73
263 436 67
264 306 79
264 323 91
264 378 1
264 422 92
264 449 88
264 451 25
264 468 46
264 476 25
264 487 17
265 299 48
265 349 82
265 428 1
266 319 26
266 366 5
266 366 79
266 382 98
266 465 31
267 487 98
268 272 40
268 272 69
268 275 38
268 285 39
268 330 18
268 332 77
268 359 13
268 380 23
268 395 22
268 478 14
268 487 62
268 490 4
269 289 73
269 304 31
269 409 97
269 416 98
269 428 66
270 319 35
270 371 14
270 452 42
271 305 33
271 314 91
271 387 72
271 473 96
271 488 9
272 424 81
272 448 43
272 458 14
272 471 5
273 290 26
273 312 16
273 343 5
273 351 47
273 377 68
273 406 72
273 467 91
273 476 47
273 493 47
273 497 56
274 295 23
274 295 98
274 326 35
274 390 36
274 412 32
274 458 38
274 467 77
274 470 86
274 496 92
275 349 26
275 396 34
275 401 54
275 499 40
276 313 35
276 384 72
276 399 59
276 412 69
276 470 84
276 485 60
278 334 92
278 336 77
278 350 13
278 380 62
278 431 81
278 481 7
278 498 78
279 287 29
279 355 13
279 413 51
280 337 85
280 343 97
280 345 32
280 437 69
280 487 21
281 346 29
281 375 3
281 376 41
281 380 47
281 410 90
281 449 76
281 469 93
281 481 70
282 290 78
282 387 62
282 388 46
282 444 99
283 296 70
283 311 16
283 392 5
283 396 84
283 437 57
283 445 86
284 347 47
284 488 30
285 387 80
285 416 23
285 419 78
286 381 46
286 394 90
287 342 93
287 360 37
287 379 42
287 454 61
287 483 93
288 289 79
288 296 11
288 318 23
288 323 74
288 335 75
288 338 97
288 401 88
288 425 15
288 431 30
288 473 37
288 483 9
289 304 86
289 427 4
290 309 2
290 371 99
290 387 36
290 404 17
290 412 15
290 466 10
290 489 30
291 332 7
291 396 21
291 401 19
291 406 86
291 468 19
292 300 94
292 347 32
292 361 14
292 370 58
292 449 98
292 450 29
293 339 29
293 346 56
293 442 39
294 429 55
294 437 45
294 455 16
294 496 18
295 302 11
295 429 37
295 436 36
295 455 94
295 478 59
296 327 80
296 348 25
296 349 76
296 373 44
296 397 100
296 482 66
297 380 78
297 480 38
298 359 99
298 362 77
298 372 39
299 398 13
299 448 63
300 341 22
300 359 26
300 388 60
300 394 84
301 309 79
301 386 43
301 413 69
302 309 66
302 334 48
302 366 93
302 399 58
302 401 33
303 363 38
303 383 62
303 494 91
304 311 74
304 341 18
305 383 85
305 394 88
305 410 57
305 431 15
305 439 53
306 309 88
306 399 62
306 407 69
306 410 87
306 483 68
306 492 45
307 323 44
307 337 58
307 337 80
307 356 37
307 371 21
307 384 13
307 387 33
307 472 6
307 491 20
308 436 57
309 359 22
309 369 59
310 333 13
310 365 26
310 404 34
310 404 68
310 460 30
310 463 46
311 354 97
311 462 41
311 470 65
312 314 49
312 337 99
312 352 59
312 399 53
312 444 9
313 366 38
313 373 33
313 384 62
314 341 89
314 371 85
314 374 12
314 388 73
314 434 89
315 330 13
315 395 6
315 406 62
315 499 21
316 318 77
316 403 10
316 440 27
316 456 5
316 485 69
317 405 56
317 456 10
317 467 40
317 480 90
318 343 31
318 381 84
318 414 53
318 429 48
319 324 78
319 371 91
319 392 40
319 433 34
319 478 89
320 371 87
320 442 39
321 379 42
321 392 86
322 388 23
322 447 55
322 458 47
322 461 17
322 463 75
323 355 18
323 409 47
323 414 54
323 485 100
323 494 89
324 349 62
324 353 55
324 386 32
324 394 69
324 442 48
324 474 25
324 499 46
325 432 70
325 456 50
325 474 18
326 330 67
326 333 87
326 409 30
326 419 74
326 427 26
326 431 78
327 425 20
327 460 92
327 484 6
327 484 83
328 356 39
328 362 94
328 384 14
329 364 85
329 370 18
329 445 74
330 352 1
330 368 71
330 387 44
330 494 87
331 391 95
331 401 59
332 345 43
332 346 20
332 396 49
332 416 35
332 420 19
332 427 14
332 476 80
332 483 61
333 392 48
333 405 67
333 470 10
334 337 3
334 340 61
334 388 37
334 405 71
334 420 52
334 432 24
335 376 87
335 472 13
335 493 58
336 366 88
336 384 75
336 393 17
336 456 75
337 382 87
337 411 83
337 439 14
338 359 99
338 363 24
338 375 32
338 378 71
338 404 81
338 456 63
339 401 23
340 372 84
340 373 86
340 410 21
340 458 30
341 344 41
341 345 7
341 370 33
341 425 74
341 456 13
342 359 71
342 394 84
342 410 33
342 420 99
342 435 87
343 354 67
343 449 76
344 380 57
344 408 36
344 474 93
344 492 13
345 357 5
345 364 24
345 376 27
345 427 35
345 449 17
345 497 21
346 358 100
347 411 1
347 423 53
347 446 22
347 477 31
347 493 41
348 372 92
348 411 98
348 477 41
349 498 78
350 376 27
350 431 2
350 466 60
350 467 98
351 428 52
351 463 56
351 467 32
351 471 58
352 357 72
352 431 72
352 473 37
352 477 5
353 364 93
354 487 24
354 488 16
354 490 28
355 392 95
355 406 63
355 453 87
355 457 44
356 360 12
356 392 30
356 445 12
356 446 82
356 481 17
357 370 94
357 410 24
357 417 28
357 464 54
357 481 54
358 359 3
358 361 38
358 405 51
358 429 68
358 452 71
358 458 54
358 470 1
359 378 91
359 386 48
359 415 11
359 436 1
359 446 41
359 478 45
360 380 22
360 413 63
360 415 90
360 469 82
360 477 64
360 484 29
361 371 85
361 395 18
361 421 1
361 427 50
361 433 45
362 404 15
362 449 66
362 497 99
363 375 73
363 381 19
364 407 13
364 423 29
365 376 40
365 433 17
365 434 51
365 440 1
365 449 46
365 491 75
365 496 6
366 400 15
366 439 29
366 440 37
367 376 2
367 470 10
367 470 18
368 382 32
368 469 91
369 378 49
371 397 80
371 462 68
372 393 85
372 410 52
372 439 64
372 463 20
373 420 31
373 420 92
373 455 99
375 411 56
375 461 7
375 497 6
376 476 58
377 400 24
377 412 55
377 413 11
377 442 58
377 443 60
377 451 23
377 482 63
377 499 9
378 414 57
378 448 89
378 498 30
379 398 48
379 422 73
379 458 79
380 492 31
381 429 23
381 449 61
382 434 44
382 441 61
382 452 95
382 458 20
382 465 71
383 396 44
383 463 9
384 422 31
384 452 93
385 418 62
385 427 37
385 441 79
385 460 72
385 467 27
386 387 63
386 394 1
386 400 54
386 408 86
386 435 91
386 443 5
386 451 91
386 452 25
386 484 97
390 393 73
390 398 48
390 408 63
390 413 83
391 416 95
392 394 24
392 466 55
392 481 59
392 490 64
393 486 81
394 418 30
394 430 72
394 489 7
395 419 81
395 422 49
395 430 99
395 433 63
395 477 83
396 412 28
396 423 19
396 463 72
397 412 90
397 444 5
397 466 21
397 473 99
397 490 46
398 424 83
398 428 37
398 451 31
399 415 88
399 419 24
401 458 69
402 415 98
402 427 12
402 484 45
403 487 66
404 478 73
405 478 53
406 420 5
406 427 14
406 431 70
407 411 68
407 448 36
408 413 7
408 489 87
408 492 14
409 415 59
409 436 1
409 492 48
412 467 17
413 426 84
413 465 35
413 496 9
414 435 84
414 437 100
414 444 26
414 471 96
415 459 13
416 419 49
416 439 61
416 441 11
416 469 62
417 462 87
417 465 41
417 480 47
418 441 72
419 468 51
419 470 77
419 497 84
420 430 73
420 456 76
420 463 77
423 461 87
424 436 92
424 441 63
425 461 60
425 477 4
425 492 94
426 448 52
426 468 14
427 450 99
428 463 61
428 497 29
429 465 2
429 492 75
430 445 8
430 460 25
431 484 87
432 478 17
432 478 87
434 446 45
434 497 64
435 495 67
436 471 19
437 461 61
438 450 73
438 460 20
440 448 36
440 475 86
440 495 39
442 471 69
442 486 81
443 491 9
444 469 73
444 491 53
445 496 35
446 449 29
446 452 26
446 464 79
446 468 42
446 475 55
447 476 90
448 483 31
449 496 15
451 492 88
451 494 75
452 497 57
455 466 17
455 484 93
455 496 79
456 494 74
457 459 24
460 462 82
460 476 20
461 494 66
465 489 86
465 491 72
465 493 9
469 490 64
472 485 70
473 483 66
473 493 86
475 494 94
477 480 58
480 492 11
482 493 38
482 497 47
484 499 28
484 499 65
488 493 6
493 495 39
494 498 85
